  150
Te [keV]
  1.00e-01  1.04e-01  1.08e-01  1.13e-01  1.17e-01  1.22e-01  1.27e-01  1.33e-01
  1.38e-01  1.44e-01  1.49e-01  1.56e-01  1.62e-01  1.69e-01  1.76e-01  1.83e-01
  1.90e-01  1.98e-01  2.06e-01  2.15e-01  2.23e-01  2.33e-01  2.42e-01  2.52e-01
  2.62e-01  2.73e-01  2.84e-01  2.96e-01  3.08e-01  3.21e-01  3.34e-01  3.48e-01
  3.62e-01  3.77e-01  3.92e-01  4.09e-01  4.25e-01  4.43e-01  4.61e-01  4.80e-01
  5.00e-01  5.20e-01  5.41e-01  5.64e-01  5.87e-01  6.11e-01  6.36e-01  6.62e-01
  6.89e-01  7.17e-01  7.47e-01  7.77e-01  8.09e-01  8.42e-01  8.77e-01  9.13e-01
  9.51e-01  9.90e-01  1.03e+00  1.07e+00  1.12e+00  1.16e+00  1.21e+00  1.26e+00
  1.31e+00  1.36e+00  1.42e+00  1.48e+00  1.54e+00  1.60e+00  1.67e+00  1.74e+00
  1.81e+00  1.88e+00  1.96e+00  2.04e+00  2.12e+00  2.21e+00  2.30e+00  2.40e+00
  2.50e+00  2.60e+00  2.70e+00  2.81e+00  2.93e+00  3.05e+00  3.18e+00  3.31e+00
  3.44e+00  3.58e+00  3.73e+00  3.88e+00  4.04e+00  4.21e+00  4.38e+00  4.56e+00
  4.75e+00  4.94e+00  5.15e+00  5.36e+00  5.58e+00  5.81e+00  6.04e+00  6.29e+00
  6.55e+00  6.82e+00  7.10e+00  7.39e+00  7.69e+00  8.01e+00  8.34e+00  8.68e+00
  9.03e+00  9.41e+00  9.79e+00  1.02e+01  1.06e+01  1.10e+01  1.15e+01  1.20e+01
  1.25e+01  1.30e+01  1.35e+01  1.41e+01  1.46e+01  1.52e+01  1.59e+01  1.65e+01
  1.72e+01  1.79e+01  1.86e+01  1.94e+01  2.02e+01  2.10e+01  2.19e+01  2.28e+01
  2.37e+01  2.47e+01  2.57e+01  2.68e+01  2.79e+01  2.90e+01  3.02e+01  3.14e+01
  3.27e+01  3.41e+01  3.55e+01  3.69e+01  3.84e+01  4.00e+01
H_ <Z>
   1.00000   1.00000   1.00000   1.00000   1.00000   1.00000   1.00000   1.00000
   1.00000   1.00000   1.00000   1.00000   1.00000   1.00000   1.00000   1.00000
   1.00000   1.00000   1.00000   1.00000   1.00000   1.00000   1.00000   1.00000
   1.00000   1.00000   1.00000   1.00000   1.00000   1.00000   1.00000   1.00000
   1.00000   1.00000   1.00000   1.00000   1.00000   1.00000   1.00000   1.00000
   1.00000   1.00000   1.00000   1.00000   1.00000   1.00000   1.00000   1.00000
   1.00000   1.00000   1.00000   1.00000   1.00000   1.00000   1.00000   1.00000
   1.00000   1.00000   1.00000   1.00000   1.00000   1.00000   1.00000   1.00000
   1.00000   1.00000   1.00000   1.00000   1.00000   1.00000   1.00000   1.00000
   1.00000   1.00000   1.00000   1.00000   1.00000   1.00000   1.00000   1.00000
   1.00000   1.00000   1.00000   1.00000   1.00000   1.00000   1.00000   1.00000
   1.00000   1.00000   1.00000   1.00000   1.00000   1.00000   1.00000   1.00000
   1.00000   1.00000   1.00000   1.00000   1.00000   1.00000   1.00000   1.00000
   1.00000   1.00000   1.00000   1.00000   1.00000   1.00000   1.00000   1.00000
   1.00000   1.00000   1.00000   1.00000   1.00000   1.00000   1.00000   1.00000
   1.00000   1.00000   1.00000   1.00000   1.00000   1.00000   1.00000   1.00000
   1.00000   1.00000   1.00000   1.00000   1.00000   1.00000   1.00000   1.00000
   1.00000   1.00000   1.00000   1.00000   1.00000   1.00000   1.00000   1.00000
   1.00000   1.00000   1.00000   1.00000   1.00000   1.00000
D_ <Z>
   1.00000   1.00000   1.00000   1.00000   1.00000   1.00000   1.00000   1.00000
   1.00000   1.00000   1.00000   1.00000   1.00000   1.00000   1.00000   1.00000
   1.00000   1.00000   1.00000   1.00000   1.00000   1.00000   1.00000   1.00000
   1.00000   1.00000   1.00000   1.00000   1.00000   1.00000   1.00000   1.00000
   1.00000   1.00000   1.00000   1.00000   1.00000   1.00000   1.00000   1.00000
   1.00000   1.00000   1.00000   1.00000   1.00000   1.00000   1.00000   1.00000
   1.00000   1.00000   1.00000   1.00000   1.00000   1.00000   1.00000   1.00000
   1.00000   1.00000   1.00000   1.00000   1.00000   1.00000   1.00000   1.00000
   1.00000   1.00000   1.00000   1.00000   1.00000   1.00000   1.00000   1.00000
   1.00000   1.00000   1.00000   1.00000   1.00000   1.00000   1.00000   1.00000
   1.00000   1.00000   1.00000   1.00000   1.00000   1.00000   1.00000   1.00000
   1.00000   1.00000   1.00000   1.00000   1.00000   1.00000   1.00000   1.00000
   1.00000   1.00000   1.00000   1.00000   1.00000   1.00000   1.00000   1.00000
   1.00000   1.00000   1.00000   1.00000   1.00000   1.00000   1.00000   1.00000
   1.00000   1.00000   1.00000   1.00000   1.00000   1.00000   1.00000   1.00000
   1.00000   1.00000   1.00000   1.00000   1.00000   1.00000   1.00000   1.00000
   1.00000   1.00000   1.00000   1.00000   1.00000   1.00000   1.00000   1.00000
   1.00000   1.00000   1.00000   1.00000   1.00000   1.00000   1.00000   1.00000
   1.00000   1.00000   1.00000   1.00000   1.00000   1.00000
T_ <Z>
   1.00000   1.00000   1.00000   1.00000   1.00000   1.00000   1.00000   1.00000
   1.00000   1.00000   1.00000   1.00000   1.00000   1.00000   1.00000   1.00000
   1.00000   1.00000   1.00000   1.00000   1.00000   1.00000   1.00000   1.00000
   1.00000   1.00000   1.00000   1.00000   1.00000   1.00000   1.00000   1.00000
   1.00000   1.00000   1.00000   1.00000   1.00000   1.00000   1.00000   1.00000
   1.00000   1.00000   1.00000   1.00000   1.00000   1.00000   1.00000   1.00000
   1.00000   1.00000   1.00000   1.00000   1.00000   1.00000   1.00000   1.00000
   1.00000   1.00000   1.00000   1.00000   1.00000   1.00000   1.00000   1.00000
   1.00000   1.00000   1.00000   1.00000   1.00000   1.00000   1.00000   1.00000
   1.00000   1.00000   1.00000   1.00000   1.00000   1.00000   1.00000   1.00000
   1.00000   1.00000   1.00000   1.00000   1.00000   1.00000   1.00000   1.00000
   1.00000   1.00000   1.00000   1.00000   1.00000   1.00000   1.00000   1.00000
   1.00000   1.00000   1.00000   1.00000   1.00000   1.00000   1.00000   1.00000
   1.00000   1.00000   1.00000   1.00000   1.00000   1.00000   1.00000   1.00000
   1.00000   1.00000   1.00000   1.00000   1.00000   1.00000   1.00000   1.00000
   1.00000   1.00000   1.00000   1.00000   1.00000   1.00000   1.00000   1.00000
   1.00000   1.00000   1.00000   1.00000   1.00000   1.00000   1.00000   1.00000
   1.00000   1.00000   1.00000   1.00000   1.00000   1.00000   1.00000   1.00000
   1.00000   1.00000   1.00000   1.00000   1.00000   1.00000
DT <Z>
   1.00000   1.00000   1.00000   1.00000   1.00000   1.00000   1.00000   1.00000
   1.00000   1.00000   1.00000   1.00000   1.00000   1.00000   1.00000   1.00000
   1.00000   1.00000   1.00000   1.00000   1.00000   1.00000   1.00000   1.00000
   1.00000   1.00000   1.00000   1.00000   1.00000   1.00000   1.00000   1.00000
   1.00000   1.00000   1.00000   1.00000   1.00000   1.00000   1.00000   1.00000
   1.00000   1.00000   1.00000   1.00000   1.00000   1.00000   1.00000   1.00000
   1.00000   1.00000   1.00000   1.00000   1.00000   1.00000   1.00000   1.00000
   1.00000   1.00000   1.00000   1.00000   1.00000   1.00000   1.00000   1.00000
   1.00000   1.00000   1.00000   1.00000   1.00000   1.00000   1.00000   1.00000
   1.00000   1.00000   1.00000   1.00000   1.00000   1.00000   1.00000   1.00000
   1.00000   1.00000   1.00000   1.00000   1.00000   1.00000   1.00000   1.00000
   1.00000   1.00000   1.00000   1.00000   1.00000   1.00000   1.00000   1.00000
   1.00000   1.00000   1.00000   1.00000   1.00000   1.00000   1.00000   1.00000
   1.00000   1.00000   1.00000   1.00000   1.00000   1.00000   1.00000   1.00000
   1.00000   1.00000   1.00000   1.00000   1.00000   1.00000   1.00000   1.00000
   1.00000   1.00000   1.00000   1.00000   1.00000   1.00000   1.00000   1.00000
   1.00000   1.00000   1.00000   1.00000   1.00000   1.00000   1.00000   1.00000
   1.00000   1.00000   1.00000   1.00000   1.00000   1.00000   1.00000   1.00000
   1.00000   1.00000   1.00000   1.00000   1.00000   1.00000
He <Z>
   1.99998   1.99998   1.99998   1.99998   1.99999   1.99999   1.99999   1.99999
   1.99999   1.99999   1.99999   1.99999   1.99999   1.99999   1.99999   1.99999
   1.99999   1.99999   1.99999   1.99999   1.99999   1.99999   1.99999   1.99999
   2.00000   2.00000   2.00000   2.00000   2.00000   2.00000   2.00000   2.00000
   2.00000   2.00000   2.00000   2.00000   2.00000   2.00000   2.00000   2.00000
   2.00000   2.00000   2.00000   2.00000   2.00000   2.00000   2.00000   2.00000
   2.00000   2.00000   2.00000   2.00000   2.00000   2.00000   2.00000   2.00000
   2.00000   2.00000   2.00000   2.00000   2.00000   2.00000   2.00000   2.00000
   2.00000   2.00000   2.00000   2.00000   2.00000   2.00000   2.00000   2.00000
   2.00000   2.00000   2.00000   2.00000   2.00000   2.00000   2.00000   2.00000
   2.00000   2.00000   2.00000   2.00000   2.00000   2.00000   2.00000   2.00000
   2.00000   2.00000   2.00000   2.00000   2.00000   2.00000   2.00000   2.00000
   2.00000   2.00000   2.00000   2.00000   2.00000   2.00000   2.00000   2.00000
   2.00000   2.00000   2.00000   2.00000   2.00000   2.00000   2.00000   2.00000
   2.00000   2.00000   2.00000   2.00000   2.00000   2.00000   2.00000   2.00000
   2.00000   2.00000   2.00000   2.00000   2.00000   2.00000   2.00000   2.00000
   2.00000   2.00000   2.00000   2.00000   2.00000   2.00000   2.00000   2.00000
   2.00000   2.00000   2.00000   2.00000   2.00000   2.00000   2.00000   2.00000
   2.00000   2.00000   2.00000   2.00000   2.00000   2.00000
Be <Z>
   3.99332   3.99417   3.99487   3.99541   3.99589   3.99633   3.99671   3.99706
   3.99737   3.99765   3.99787   3.99806   3.99823   3.99839   3.99853   3.99866
   3.99878   3.99889   3.99898   3.99906   3.99913   3.99919   3.99925   3.99931
   3.99936   3.99941   3.99945   3.99949   3.99952   3.99955   3.99958   3.99961
   3.99963   3.99966   3.99968   3.99969   3.99971   3.99973   3.99974   3.99976
   3.99977   3.99979   3.99980   3.99981   3.99982   3.99983   3.99984   3.99984
   3.99985   3.99986   3.99987   3.99987   3.99988   3.99988   3.99989   3.99990
   3.99990   3.99990   3.99991   3.99991   3.99992   3.99992   3.99992   3.99992
   3.99993   3.99993   3.99993   3.99993   3.99994   3.99994   3.99994   3.99994
   3.99994   3.99995   3.99995   3.99995   3.99995   3.99995   3.99995   3.99996
   3.99996   3.99996   3.99996   3.99996   3.99997   3.99997   3.99997   3.99997
   3.99997   3.99997   3.99998   3.99998   3.99998   3.99998   3.99998   3.99998
   3.99998   3.99998   3.99998   3.99999   3.99999   3.99999   3.99999   3.99999
   3.99999   3.99999   3.99999   3.99999   3.99999   3.99999   3.99999   3.99999
   3.99999   3.99999   3.99999   3.99999   3.99999   3.99999   4.00000   4.00000
   4.00000   4.00000   4.00000   4.00000   4.00000   4.00000   4.00000   4.00000
   4.00000   4.00000   4.00000   4.00000   4.00000   4.00000   4.00000   4.00000
   4.00000   4.00000   4.00000   4.00000   4.00000   4.00000   4.00000   4.00000
   4.00000   4.00000   4.00000   4.00000   4.00000   4.00000
C_ <Z>
   5.26736   5.35972   5.44410   5.51015   5.57248   5.63027   5.68293   5.73017
   5.77192   5.80836   5.83665   5.85860   5.87790   5.89478   5.90949   5.92226
   5.93331   5.94286   5.94994   5.95585   5.96108   5.96570   5.96979   5.97339
   5.97656   5.97936   5.98142   5.98327   5.98494   5.98645   5.98780   5.98902
   5.99012   5.99106   5.99182   5.99251   5.99315   5.99372   5.99426   5.99474
   5.99519   5.99556   5.99589   5.99619   5.99646   5.99672   5.99696   5.99718
   5.99739   5.99756   5.99772   5.99787   5.99800   5.99813   5.99825   5.99837
   5.99847   5.99856   5.99865   5.99873   5.99880   5.99887   5.99894   5.99900
   5.99906   5.99911   5.99916   5.99920   5.99924   5.99928   5.99932   5.99936
   5.99939   5.99942   5.99945   5.99947   5.99950   5.99952   5.99954   5.99957
   5.99958   5.99960   5.99962   5.99964   5.99965   5.99967   5.99968   5.99970
   5.99971   5.99972   5.99973   5.99974   5.99975   5.99976   5.99977   5.99978
   5.99979   5.99980   5.99981   5.99981   5.99982   5.99983   5.99983   5.99984
   5.99984   5.99985   5.99986   5.99986   5.99987   5.99987   5.99988   5.99988
   5.99989   5.99989   5.99990   5.99990   5.99991   5.99991   5.99992   5.99992
   5.99992   5.99993   5.99993   5.99994   5.99994   5.99994   5.99995   5.99995
   5.99995   5.99996   5.99996   5.99996   5.99996   5.99996   5.99997   5.99997
   5.99997   5.99997   5.99997   5.99997   5.99998   5.99998   5.99998   5.99998
   5.99998   5.99998   5.99998   5.99998   5.99999   5.99999
O_ <Z>
   6.05792   6.07949   6.10538   6.12991   6.15926   6.19408   6.23502   6.28269
   6.33768   6.40054   6.46073   6.51627   6.57719   6.64391   6.71684   6.79623
   6.88206   6.97384   7.05383   7.13110   7.20959   7.28805   7.36513   7.43948
   7.50988   7.57519   7.62347   7.66786   7.70830   7.74481   7.77753   7.80664
   7.83240   7.85399   7.87032   7.88494   7.89799   7.90963   7.91998   7.92919
   7.93737   7.94402   7.94947   7.95439   7.95883   7.96284   7.96647   7.96974
   7.97269   7.97507   7.97715   7.97906   7.98081   7.98242   7.98388   7.98523
   7.98646   7.98744   7.98834   7.98918   7.98996   7.99068   7.99135   7.99198
   7.99254   7.99301   7.99345   7.99387   7.99426   7.99462   7.99496   7.99528
   7.99557   7.99582   7.99607   7.99629   7.99651   7.99671   7.99690   7.99708
   7.99724   7.99739   7.99753   7.99766   7.99778   7.99790   7.99801   7.99812
   7.99821   7.99830   7.99839   7.99847   7.99855   7.99862   7.99869   7.99875
   7.99881   7.99887   7.99892   7.99897   7.99902   7.99906   7.99911   7.99915
   7.99919   7.99923   7.99926   7.99930   7.99933   7.99936   7.99939   7.99942
   7.99944   7.99947   7.99949   7.99951   7.99953   7.99955   7.99957   7.99959
   7.99961   7.99962   7.99964   7.99965   7.99966   7.99968   7.99969   7.99970
   7.99971   7.99972   7.99973   7.99974   7.99975   7.99976   7.99977   7.99978
   7.99979   7.99980   7.99980   7.99981   7.99982   7.99983   7.99983   7.99984
   7.99985   7.99985   7.99986   7.99986   7.99987   7.99987
Ne <Z>
   7.97706   7.98007   7.98255   7.98422   7.98589   7.98760   7.98945   7.99158
   7.99417   7.99750   8.00119   8.00518   8.01040   8.01726   8.02629   8.03820
   8.05391   8.07459   8.09539   8.11882   8.14734   8.18199   8.22402   8.27491
   8.33635   8.40996   8.47358   8.54581   8.62713   8.71755   8.81648   8.92255
   9.03354   9.13951   9.22491   9.30810   9.38772   9.46261   9.53189   9.59501
   9.65171   9.69663   9.73196   9.76367   9.79198   9.81717   9.83950   9.85923
   9.87663   9.88970   9.90075   9.91070   9.91965   9.92770   9.93494   9.94145
   9.94729   9.95164   9.95563   9.95928   9.96262   9.96568   9.96849   9.97106
   9.97332   9.97516   9.97686   9.97845   9.97992   9.98129   9.98257   9.98375
   9.98479   9.98570   9.98655   9.98735   9.98810   9.98881   9.98947   9.99010
   9.99064   9.99114   9.99161   9.99206   9.99248   9.99288   9.99326   9.99362
   9.99393   9.99422   9.99450   9.99476   9.99501   9.99525   9.99548   9.99569
   9.99588   9.99606   9.99623   9.99640   9.99656   9.99671   9.99685   9.99699
   9.99711   9.99723   9.99734   9.99745   9.99756   9.99766   9.99776   9.99784
   9.99793   9.99801   9.99809   9.99817   9.99824   9.99831   9.99837   9.99844
   9.99850   9.99855   9.99861   9.99866   9.99871   9.99876   9.99881   9.99886
   9.99890   9.99894   9.99898   9.99902   9.99906   9.99910   9.99913   9.99916
   9.99920   9.99923   9.99926   9.99928   9.99931   9.99934   9.99936   9.99939
   9.99941   9.99943   9.99946   9.99948   9.99950   9.99952
Si <Z>
   8.53485   8.74640   8.95748   9.19059   9.44972   9.73247  10.03130  10.29372
  10.54405  10.77799  10.99202  11.17763  11.31591  11.43042  11.52647  11.60646
  11.67280  11.72186  11.76178  11.79528  11.82380  11.84814  11.86681  11.88269
  11.89666  11.90902  11.91961  11.92747  11.93454  11.94127  11.94784  11.95444
  11.96053  11.96678  11.97365  11.98089  11.98953  11.99867  12.00911  12.02173
  12.03709  12.05587  12.07599  12.09827  12.12452  12.15552  12.19204  12.22989
  12.27081  12.31740  12.37018  12.42994  12.48985  12.55164  12.61866  12.69070
  12.76737  12.84032  12.91132  12.98470  13.06009  13.13532  13.20333  13.26590
  13.32655  13.38484  13.44035  13.48906  13.53333  13.57482  13.61349  13.64938
  13.68039  13.70748  13.73260  13.75581  13.77754  13.79640  13.81283  13.82803
  13.84205  13.85499  13.86632  13.87624  13.88555  13.89425  13.90230  13.90942
  13.91569  13.92154  13.92698  13.93205  13.93662  13.94072  13.94455  13.94814
  13.95149  13.95453  13.95724  13.95979  13.96220  13.96451  13.96661  13.96851
  13.97030  13.97199  13.97358  13.97504  13.97637  13.97764  13.97885  13.98000
  13.98106  13.98203  13.98294  13.98381  13.98463  13.98542  13.98615  13.98684
  13.98750  13.98813  13.98871  13.98925  13.98976  13.99008  13.99015  13.99020
  13.99024  13.99028  13.99032  13.99036  13.99039  13.99039  13.99039  13.99039
  13.99039  13.99039  13.99039  13.99039  13.99039  13.99039  13.99039  13.99039
  13.99039  13.99039  13.99039  13.99039  13.99039  13.99039
Ar <Z>
   8.99398   9.13741   9.28432   9.41585   9.55433   9.69911   9.84944  10.00451
  10.16360  10.32629  10.47539  10.61098  10.74983  10.89314  11.04264  11.20076
  11.37079  11.55718  11.73178  11.91391  12.11715  12.34611  12.60518  12.89706
  13.22054  13.56742  13.85642  14.14054  14.40974  14.65583  14.87368  15.06147
  15.22011  15.34608  15.43574  15.51181  15.57643  15.63148  15.67855  15.71897
  15.75386  15.78047  15.80080  15.81913  15.83577  15.85099  15.86505  15.87821
  15.89075  15.90031  15.90901  15.91788  15.92712  15.93696  15.94769  15.95965
  15.97325  15.98513  15.99853  16.01375  16.03118  16.05123  16.07442  16.10129
  16.13073  16.15882  16.19034  16.22569  16.26526  16.30947  16.35867  16.41319
  16.46737  16.52001  16.57628  16.63604  16.69907  16.76502  16.83342  16.90370
  16.96564  17.02483  17.08388  17.14235  17.19985  17.25597  17.31038  17.36271
  17.40561  17.44673  17.48596  17.52325  17.55856  17.59187  17.62319  17.65145
  17.67493  17.69705  17.71784  17.73736  17.75566  17.77280  17.78883  17.80291
  17.81527  17.82690  17.83783  17.84811  17.85776  17.86682  17.87532  17.88264
  17.88933  17.89565  17.90161  17.90725  17.91256  17.91758  17.92231  17.92640
  17.93028  17.93396  17.93745  17.94076  17.94389  17.94686  17.94961  17.95205
  17.95438  17.95659  17.95870  17.96070  17.96261  17.96442  17.96610  17.96766
  17.96914  17.97055  17.97190  17.97319  17.97442  17.97560  17.97667  17.97767
  17.97864  17.97956  17.98045  17.98129  17.98210  17.98288
Fe <Z>
  10.24602  10.45493  10.67079  10.90001  11.14084  11.40032  11.68897  11.94296
  12.22108  12.53625  12.89223  13.27983  13.68068  14.07310  14.43549  14.75258
  14.98071  15.15277  15.29830  15.42047  15.52378  15.61265  15.69117  15.76306
  15.83184  15.89441  15.94786  16.00348  16.06282  16.12752  16.19931  16.28004
  16.37172  16.47688  16.59591  16.69486  16.80357  16.92280  17.05323  17.19543
  17.34985  17.51972  17.70564  17.90578  18.07682  18.24687  18.42874  18.62501
  18.83919  19.08245  19.35631  19.66400  20.00871  20.34242  20.65226  20.97259
  21.29484  21.61594  21.91778  22.19349  22.43934  22.65452  22.83181  22.96017
  23.07327  23.17235  23.25928  23.33576  23.40330  23.46319  23.51656  23.56441
  23.59932  23.63094  23.66023  23.68755  23.71323  23.73759  23.76096  23.78365
  23.80630  23.82586  23.84395  23.86227  23.88103  23.90047  23.92085  23.94245
  23.96621  23.99184  24.01720  24.04053  24.06552  24.09238  24.12135  24.15285
  24.18752  24.22503  24.26563  24.30833  24.34513  24.38405  24.42513  24.46894
  24.51548  24.56417  24.61491  24.66755  24.72190  24.76846  24.81410  24.86071
  24.90784  24.95521  25.00261  25.04984  25.09670  25.14300  25.18415  25.22200
  25.25911  25.29540  25.33078  25.36518  25.39853  25.43080  25.46195  25.49077
  25.51550  25.53935  25.56231  25.58440  25.60562  25.62596  25.64544  25.66408
  25.68187  25.69674  25.71100  25.72468  25.73778  25.75033  25.76234  25.77383
  25.78481  25.79531  25.80452  25.81307  25.82127  25.82913
Ni <Z>
   9.48448   9.64285   9.81623   9.98719  10.17839  10.39119  10.62589  10.88143
  11.15544  11.44468  11.71988  11.97780  12.24391  12.52306  12.82483  13.16480
  13.56413  14.04407  14.53025  15.03523  15.54943  16.03433  16.45855  16.80742
  17.08260  17.29527  17.43380  17.54677  17.64142  17.72375  17.79866  17.87034
  17.94250  18.01453  18.07964  18.15014  18.22792  18.31497  18.41339  18.52534
  18.65300  18.78305  18.91210  19.05383  19.20870  19.37693  19.55856  19.75358
  19.96224  20.15374  20.34631  20.55110  20.77077  21.00906  21.27065  21.56073
  21.88316  22.17579  22.48824  22.81508  23.14782  23.47594  23.78885  24.07781
  24.32595  24.51559  24.68317  24.83024  24.95883  25.07119  25.16948  25.25574
  25.32494  25.38067  25.43109  25.47693  25.51881  25.55728  25.59284  25.62593
  25.65300  25.67746  25.70088  25.72346  25.74542  25.76700  25.78844  25.80999
  25.82868  25.84764  25.86704  25.88710  25.90802  25.93006  25.95347  25.97746
  25.99975  26.02341  26.04862  26.07561  26.10458  26.13576  26.16937  26.20263
  26.23505  26.26945  26.30595  26.34464  26.38558  26.42882  26.47439  26.51629
  26.55783  26.60081  26.64515  26.69075  26.73747  26.78518  26.83367  26.87621
  26.91908  26.96211  27.00518  27.04813  27.09081  27.13307  27.17345  27.20932
  27.24459  27.27917  27.31300  27.34601  27.37813  27.40932  27.43792  27.46408
  27.48943  27.51395  27.53763  27.56045  27.58243  27.60355  27.62254  27.64039
  27.65756  27.67406  27.68989  27.70506  27.71960  27.73352
Kr <Z>
  12.69386  12.95439  13.19453  13.38903  13.57064  13.73891  13.89473  14.03993
  14.17671  14.30733  14.42223  14.52399  14.62472  14.72523  14.82628  14.92871
  15.03334  15.14115  15.23853  15.33506  15.43589  15.54193  15.65434  15.77466
  15.90512  16.04884  16.18501  16.33905  16.51815  16.73349  17.00243  17.35157
  17.81868  18.41897  19.08971  19.86791  20.68737  21.45976  22.11761  22.63919
  23.03938  23.32695  23.54175  23.72252  23.87911  24.01804  24.14341  24.25775
  24.36262  24.45114  24.53117  24.60592  24.67583  24.74137  24.80310  24.86166
  24.91774  24.96806  25.01785  25.06789  25.11906  25.17245  25.22939  25.29156
  25.35952  25.43135  25.51341  25.60883  25.72163  25.85710  26.02199  26.22482
  26.46000  26.72699  27.04373  27.41346  27.83465  28.29917  28.79212  29.29397
  29.74000  30.14829  30.52641  30.87136  31.18324  31.46405  31.71661  31.94373
  32.12280  32.28551  32.43351  32.56823  32.69090  32.80265  32.90450  32.99466
  33.06972  33.13890  33.20279  33.26191  33.31680  33.36793  33.41578  33.45858
  33.49696  33.53352  33.56852  33.60223  33.63492  33.66686  33.69833  33.72729
  33.75529  33.78326  33.81137  33.83981  33.86879  33.89849  33.92913  33.95728
  33.98622  34.01607  34.04696  34.07904  34.11240  34.14719  34.18236  34.21539
  34.24954  34.28485  34.32136  34.35907  34.39801  34.43815  34.47782  34.51679
  34.55662  34.59724  34.63859  34.68058  34.72313  34.76612  34.80933  34.85272
  34.89619  34.93963  34.98289  35.02586  35.06841  35.11041
Xe <Z>
  12.00561  12.27755  12.56809  12.87753  13.20454  13.54552  13.89420  14.18346
  14.45951  14.72402  14.97353  15.20607  15.42128  15.62031  15.80570  15.98130
  16.13283  16.27361  16.42136  16.58499  16.77826  17.02244  17.34891  17.79736
  18.40112  19.10050  19.76615  20.42059  21.00910  21.50536  21.91105  22.24255
  22.51876  22.75534  22.96125  23.11757  23.26540  23.40997  23.55860  23.72280
  23.92142  24.18546  24.56336  25.12140  25.79344  26.59913  27.50186  28.39662
  29.18821  29.83534  30.34788  30.75923  31.10425  31.38025  31.61039  31.83063
  32.04335  32.24867  32.44553  32.63256  32.80880  32.97414  33.12339  33.24627
  33.36501  33.48127  33.59702  33.71447  33.83627  33.96576  34.10747  34.26808
  34.42974  34.62184  34.86104  35.17051  35.58175  36.13001  36.83832  37.69036
  38.61213  39.41538  40.08359  40.63143  41.06260  41.39706  41.65854  41.86779
  42.04058  42.18803  42.31175  42.41580  42.51277  42.60460  42.69282  42.77881
  42.86385  42.94930  43.03661  43.12628  43.21169  43.30292  43.40203  43.51155
  43.63483  43.77608  43.94077  44.13572  44.36902  44.61823  44.90286  45.23078
  45.60172  46.01065  46.44722  46.89670  47.34240  47.76898  48.13856  48.45679
  48.74449  49.00288  49.23456  49.44265  49.63038  49.80069  49.95613  50.09443
  50.21207  50.32190  50.42478  50.52139  50.61230  50.69800  50.77892  50.85542
  50.92783  50.99037  51.05000  51.10694  51.16137  51.21348  51.26347  51.31152
  51.35781  51.40252  51.44324  51.48180  51.51928  51.55581
W_ <Z>
  12.80324  12.86700  12.93535  13.01234  13.09215  13.17548  13.26315  13.35617
  13.45574  13.56329  13.67940  13.80277  13.93477  14.07668  14.22991  14.39591
  14.57615  14.77211  14.96723  15.16944  15.38414  15.61174  15.85256  16.10681
  16.37465  16.65582  16.91378  17.18099  17.45757  17.74371  18.03966  18.34581
  18.66265  18.97979  19.27500  19.57823  19.88988  20.21045  20.54044  20.88044
  21.23111  21.56930  21.89327  22.22528  22.56576  22.91521  23.27420  23.64340
  24.02362  24.37905  24.73192  25.09428  25.46723  25.85217  26.25097  26.66601
  27.10005  27.50674  27.93451  28.38799  28.87282  29.39562  29.96365  30.58408
  31.24618  31.91397  32.63060  33.39223  34.19143  35.01780  35.85852  36.69966
  37.49579  38.23867  38.95218  39.63132  40.27385  40.87989  41.45161  41.99279
  42.47987  42.93789  43.38087  43.81406  44.24337  44.67533  45.11716  45.57622
  46.01048  46.46581  46.94602  47.45339  47.98809  48.54810  49.12923  49.71021
  50.25287  50.79873  51.34589  51.89410  52.44477  53.00073  53.56564  54.11585
  54.65208  55.20145  55.76325  56.33474  56.91121  57.48635  58.05314  58.57256
  59.06345  59.53317  59.97946  60.40141  60.79925  61.17429  61.52863  61.83988
  62.13704  62.42287  62.70049  62.97321  63.24459  63.51832  63.79139  64.05131
  64.31924  64.59715  64.88646  65.18786  65.50110  65.82487  66.13985  66.44164
  66.74397  67.04401  67.33893  67.62621  67.90366  68.16960  68.40459  68.62215
  68.82841  69.02346  69.20750  69.38090  69.54413  69.69768
