5.13286	-3.33426
5.35108	-3.23597
5.55663	-3.12755
5.79246	-3.01331
6.01058	-2.92223
6.22008	-2.79313
6.36034	-2.70797
6.57472	-2.55641
6.7932	-2.37244
6.96357	-2.22735
7.18179	-2.06232
7.29808	-1.92356
7.4469	-1.74835
7.58161	-1.53413
7.69698	-1.39625
7.79506	-1.18413
7.8775	-1.04481
7.96728	-0.837056
8.06194	-0.607742
8.10596	-0.400135
8.1334	-0.201272
8.17247	-0.0215414
8.1972	0.180073
8.1913	0.483207
8.17481	0.681897
8.20034	0.875381
8.17188	1.00212
8.13472	1.16147
8.08991	1.43007
8.04887	1.63999
7.9997	1.79143
7.92615	1.96671
7.83987	2.14762
7.76873	2.29761
7.61613	2.58064
7.43102	2.76138
7.33389	2.88475
7.2258	3.0101
7.0285	3.23614
6.86897	3.34702
6.66847	3.47391
6.37818	3.6582
6.17786	3.73097
6.05041	3.77908
5.89351	3.81506
5.71921	3.85042
5.53513	3.83904
5.33803	3.81345
5.14222	3.74816
5.02352	3.63378
4.8757	3.46397
4.77064	3.27722
4.74956	3.14138
4.70401	3.02309
4.65446	2.87961
4.66045	2.71627
4.62499	2.53287
4.60747	2.38976
4.57185	2.19464
4.56514	1.97198
4.55514	1.77734
4.55661	1.61768
4.56578	1.41911
4.54778	1.17409
4.53307	0.969608
4.54849	0.759211
4.5536	0.531849
4.53764	0.168651
4.54793	-0.0813446
4.54905	-0.332992
4.56122	-0.513572
4.59367	-0.749505
4.59876	-0.91193
4.6134	-1.17823
4.65014	-1.43498
4.64125	-1.61611
4.72834	-1.93773
4.78787	-2.40139
4.81833	-2.58227
4.89872	-2.79195
4.96292	-2.98151
5.01628	-3.09423
5.04062	-3.18753
5.08308	-3.29375
5.19985	-3.32004




5.14444	-3.2989
5.15885	-3.30992
5.28818	-3.20138
5.56812	-3.10872
5.72896	-3.02496
5.93452	-2.92303
6.12479	-2.80737
6.3177	-2.69984
6.45055	-2.60126
6.64021	-2.45952
6.86766	-2.26983
7.07721	-2.05738
7.32655	-1.85995
7.4854	-1.63231
7.65243	-1.40391
7.75984	-1.22581
7.87862	-0.926518
7.98575	-0.773583
8.07036	-0.443187
8.16467	-0.139914
8.20289	0.104911
8.20217	0.360241
8.18329	0.536746
8.18121	0.752542
8.15493	0.997489
8.10799	1.34255
8.05014	1.60688
7.9292	1.91446
7.7371	2.2762
7.6354	2.51874
7.42049	2.79185
7.25464	2.98596
7.08915	3.13152
6.94518	3.25247
6.78796	3.40599
6.61373	3.50225
6.31185	3.71649
6.1315	3.83352
5.98589	3.89066
5.76496	3.95439
5.63838	4.00674
5.4907	4.04144
5.31174	3.96156
5.10817	3.9549
4.96818	3.86721
4.8841	3.74268
4.79228	3.65693
4.70365	3.53247
4.63328	3.41581
4.57787	3.33668
4.51242	3.09408
4.46343	2.94023
4.3887	2.76071
4.37977	2.61431
4.32359	2.38865
4.30254	2.21547
4.27267	2.06581
4.24556	1.9188
4.24583	1.62392
4.25443	1.50152
4.24099	1.19966
4.24505	0.918208
4.23884	0.692655
4.24262	0.466044
4.26245	0.214007
4.29563	-0.063413
4.33279	-0.309431
4.34777	-0.58926
4.37028	-0.845835
4.42203	-1.08759
4.49806	-1.43042
4.58429	-1.75542
4.63694	-1.91808
4.742	-2.26406
4.81163	-2.61038
4.93174	-2.83254
5.09241	-3.08231
5.16115	-3.18769
5.11871	-3.32456
